-2.2184819477068825, -0.6673585666751127, -1.3802843561170728, 4.345801442925756
-1.6427483972441865, -1.5930739129076907, 0.05545255029773655, 8.657286287788011
0.8386504816799638, -0.5414142749597692, -2.7110349117263737, 6.506226368997526
-2.076903504979641, -1.108524694563394, -2.6519258464140987, 8.339007054717879
-1.5833039288758068, -2.6542629325223595, -0.22063209731726907, 0.23914573530571026
0.0, 0.0, 0.0, 0.0
0.0, 0.0, 0.0, 0.0
0.0, 0.0, 0.0, 0.0
0.0, 0.0, 0.0, 0.0
0.0, 0.0, 0.0, 0.0
-2.107190591775745, -0.7168483826138714, -1.3542816371696795, 4.40102475128964
-1.6849104852647983, -1.6132140295302833, -0.10137039551557436, 8.712509596151895
0.6734437112372403, -0.540050931181977, -2.7123867574108247, 6.561449677361409
-1.9845254200858624, -1.1297927036748088, -2.512200557009901, 8.394230363081762
-1.5552774961153226, -2.5125524344348142, -0.2540549898200234, 0.2943690436695933
0.0, 0.0, 0.0, 0.0
0.0, 0.0, 0.0, 0.0
0.0, 0.0, 0.0, 0.0
0.0, 0.0, 0.0, 0.0
0.0, 0.0, 0.0, 0.0
-2.052381066184204, -0.7619127972999793, -1.2758546587208714, 4.456248059653523
-1.7032950556398432, -1.5561443580115788, -0.233817388939974, 8.767732904515778
0.6113101525827428, -0.5893133895603142, -2.6628139927563725, 6.616672985725293
-1.894896501267786, -1.0540130905165521, -2.4499509187119557, 8.449453671445646
-1.5034217274003834, -2.2944290500527886, -0.2604558408102888, 0.3495923520334764
0.0, 0.0, 0.0, 0.0
0.0, 0.0, 0.0, 0.0
0.0, 0.0, 0.0, 0.0
0.0, 0.0, 0.0, 0.0
0.0, 0.0, 0.0, 0.0
-1.9958558162950957, -0.7226419037744373, -1.2995140390799, 4.511471368017407
-1.7038803315399167, -1.4894341297786657, -0.28384506691598, 8.822956212879662
0.5242718389892991, -0.5653644338551199, -2.5972936541893876, 6.671896294089176
-1.8877215339834306, -1.0797019296095842, -2.427552341680498, 8.50467697980953
-1.5312412808703513, -2.2935135937647857, -0.4482051835279174, 0.40481566039735944
0.0, 0.0, 0.0, 0.0
0.0, 0.0, 0.0, 0.0
0.0, 0.0, 0.0, 0.0
0.0, 0.0, 0.0, 0.0
0.0, 0.0, 0.0, 0.0
-1.9925052477868186, -0.7794121349447596, -1.3114380666272798, 4.548286906926663
-1.6542689334877019, -1.5822786872349992, -0.36113555552075727, 8.859771751788918
0.47235782745911603, -0.5846653341942661, -2.585218907399532, 6.708711832998432
-1.9121056106079835, -1.067322905227912, -2.223801233971178, 8.541492518718785
-1.629542909004636, -2.175402938446109, -0.3978672687201379, 0.4416311993066148
0.0, 0.0, 0.0, 0.0
0.0, 0.0, 0.0, 0.0
0.0, 0.0, 0.0, 0.0
0.0, 0.0, 0.0, 0.0
0.0, 0.0, 0.0, 0.0
-2.0404419546767594, -0.8320940554325672, -1.3044733297289968, 4.603510215290546
-1.7637492540553468, -1.6320710887641863, -0.46131206375150563, 8.914995060152801
0.483216290537948, -0.7283602296668713, -2.558295706352758, 6.763935141362316
-1.8931043015876645, -1.0876829779198027, -2.153104990129204, 8.596715827082669
-1.5816768718525807, -2.192074549628973, -0.5421921534259679, 0.4968545076704979
0.0, 0.0, 0.0, 0.0
0.0, 0.0, 0.0, 0.0
0.0, 0.0, 0.0, 0.0
0.0, 0.0, 0.0, 0.0
0.0, 0.0, 0.0, 0.0
-1.943156572327612, -0.8328516389388751, -1.2171117605721327, 4.65873352365443
-1.7861318478754444, -1.6467534327290003, -0.5528011409050567, 8.970218368516685
0.4040289259991323, -0.7778977913349281, -2.6487538888391646, 6.819158449726199
-1.8989548968012933, -1.1953349917165332, -1.9727988023670864, 8.651939135446552
-1.576613327243019, -2.085980846179363, -0.5966699887598124, 0.5520778160343811
0.0, 0.0, 0.0, 0.0
0.0, 0.0, 0.0, 0.0
0.0, 0.0, 0.0, 0.0
0.0, 0.0, 0.0, 0.0
0.0, 0.0, 0.0, 0.0
-1.90229053029071, -0.921256623919567, -1.277123541797441, 4.713956832018313
-1.80270740438553, -1.6139132602411255, -0.6504170876844557, 9.025441676880568
0.2284136064150947, -0.9244662375492713, -2.502477966781972, 6.874381758090083
-1.9196835603010263, -1.2017183314032776, -1.8495062126662456, 8.707162443810436
-1.6046662888872327, -2.014063372281063, -0.5465940209030622, 0.6073011243982643
0.0, 0.0, 0.0, 0.0
0.0, 0.0, 0.0, 0.0
0.0, 0.0, 0.0, 0.0
0.0, 0.0, 0.0, 0.0
0.0, 0.0, 0.0, 0.0
-1.7655086196248244, -0.9345284062044183, -1.236796358662185, 4.750772370927569
-1.784078318637746, -1.6005382201373783, -0.7458019996064035, 9.062257215789824
0.18877628219733883, -1.0762786038744148, -2.291633313180736, 6.9111972969993385
-1.8992709346850376, -1.2198299054590191, -1.770558373461135, 8.743977982719692
-1.7177948389811695, -2.016540441526688, -0.6409044727409434, 0.6441166633075198
0.0, 0.0, 0.0, 0.0
0.0, 0.0, 0.0, 0.0
0.0, 0.0, 0.0, 0.0
0.0, 0.0, 0.0, 0.0
0.0, 0.0, 0.0, 0.0
-1.6884128871971937, -0.9809317832814135, -1.186346308647066, 4.805995679291453
-1.7787585023960846, -1.5413032089212315, -0.77382121576433, 9.117480524153708
0.08497993654713054, -1.080367595308484, -2.1444595897058214, 6.966420605363222
-1.8168472209233497, -1.2500767575725173, -1.720539152642663, 8.799201291083575
-1.7025893493110436, -1.9594753533956693, -0.6717748513856334, 0.699339971671403
0.0, 0.0, 0.0, 0.0
0.0, 0.0, 0.0, 0.0
0.0, 0.0, 0.0, 0.0
0.0, 0.0, 0.0, 0.0
0.0, 0.0, 0.0, 0.0
-1.6868322834361247, -1.0620198957982458, -1.2258660055896347, 4.861218987655336
-1.7525306966625482, -1.4827378631842922, -0.8936294744030663, 9.172703832517591
-0.0352965185795894, -1.0859685637392205, -2.0932010598422255, 7.021643913727106
-1.805152858108751, -1.2883032938374066, -1.6288277931557347, 8.854424599447459
-1.6405495980238216, -1.8724508900766712, -0.7958644011346909, 0.7545632800352863
0.0, 0.0, 0.0, 0.0
0.0, 0.0, 0.0, 0.0
0.0, 0.0, 0.0, 0.0
0.0, 0.0, 0.0, 0.0
0.0, 0.0, 0.0, 0.0
-1.6456956757865806, -1.0809464184998858, -1.2305239669231158, 4.898034526564592
-1.705701346889618, -1.4764647212401178, -0.8716465673803508, 9.209519371426847
-0.11970172171706256, -0.977679861798918, -2.1264218402306736, 7.058459452636361
-1.7715752930629998, -1.3017598706744253, -1.5987980846306764, 8.891240138356714
-1.6509442801220795, -1.8868892289879364, -0.879644620647693, 0.7913788189445418
0.0, 0.0, 0.0, 0.0
0.0, 0.0, 0.0, 0.0
0.0, 0.0, 0.0, 0.0
0.0, 0.0, 0.0, 0.0
0.0, 0.0, 0.0, 0.0
-1.5875594493027951, -1.0753844515151862, -1.197208816176556, 4.9532578349284755
-1.7806668882338634, -1.3795168026231983, -0.9437365944378261, 9.26474267979073
-0.22017478563177334, -1.000883439341355, -1.9549542200118712, 7.113682761000245
-1.6808906209976358, -1.3210153602573396, -1.5963975553238219, 8.946463446720598
-1.6109263100116749, -1.7580480785181056, -1.110445187871975, 0.846602127308425
0.0, 0.0, 0.0, 0.0
0.0, 0.0, 0.0, 0.0
0.0, 0.0, 0.0, 0.0
0.0, 0.0, 0.0, 0.0
0.0, 0.0, 0.0, 0.0
-1.4735235614502449, -1.0775576107374734, -1.2978233491738975, 5.008481143292359
-1.6802688380731752, -1.2594438718671992, -0.9998312633858828, 9.319965988154614
-0.2931421587017029, -1.1561204714457007, -1.877968746024495, 7.168906069364128
-1.7060772074300676, -1.2516520698283615, -1.5264836093791536, 9.001686755084481
-1.5690555927891865, -1.7321712883455862, -1.1440216074229568, 0.9018254356723082
0.0, 0.0, 0.0, 0.0
0.0, 0.0, 0.0, 0.0
0.0, 0.0, 0.0, 0.0
0.0, 0.0, 0.0, 0.0
0.0, 0.0, 0.0, 0.0
-1.4191427165051618, -0.9900275291941392, -1.37804298440885, 5.063704451656243
-1.7065073770947459, -1.231097064903333, -1.0406194462520124, 9.375189296518498
-0.3785778455054998, -1.18719187495225, -1.8262457549422748, 7.224129377728012
-1.6243206347008787, -1.2326366241096018, -1.529266765900384, 9.056910063448365
-1.5116993189997145, -1.788094884212051, -1.1234690863291767, 0.9570487440361914
0.0, 0.0, 0.0, 0.0
0.0, 0.0, 0.0, 0.0
0.0, 0.0, 0.0, 0.0
0.0, 0.0, 0.0, 0.0
0.0, 0.0, 0.0, 0.0
-1.3655001180770991, -1.004393261565255, -1.3415364332907815, 5.100519990565498
-1.682495642936803, -1.2683725914626962, -1.0707627010527958, 9.412004835427753
-0.503293440293082, -1.146272139255938, -1.932436470952784, 7.260944916637268
-1.5655420618826617, -1.2378923105380901, -1.3824819964212307, 9.09372560235762
-1.4819887759819907, -1.8020657929197845, -1.1742315437926767, 0.9938642829454469
0.0, 0.0, 0.0, 0.0
0.0, 0.0, 0.0, 0.0
0.0, 0.0, 0.0, 0.0
0.0, 0.0, 0.0, 0.0
0.0, 0.0, 0.0, 0.0
-1.370950430298343, -0.9555449070037619, -1.4000700781631148, 5.155743298929382
-1.6140142078170987, -1.3671035555160722, -1.1028015971786147, 9.467228143791637
-0.6266544227411848, -1.150296705946875, -1.9286609604040041, 7.316168225001151
-1.4746832079720948, -1.155770005459867, -1.4708479294943957, 9.148948910721504
-1.3921509148313693, -1.6491422487041614, -1.2228173142946106, 1.0490875913093298
0.0, 0.0, 0.0, 0.0
0.0, 0.0, 0.0, 0.0
0.0, 0.0, 0.0, 0.0
0.0, 0.0, 0.0, 0.0
0.0, 0.0, 0.0, 0.0
-1.3448436425627863, -1.0440899376110984, -1.4294003928932064, 5.210966607293265
-1.635796017965949, -1.384673689531338, -0.9954943568232217, 9.52245145215552
-0.6859308585521046, -1.0901012508929286, -1.8334696314561232, 7.371391533365035
-1.4467320315618404, -1.2409889982262543, -1.4045679486306233, 9.204172219085388
-1.3707794125109403, -1.536479555616362, -1.3542130351198343, 1.1043108996732127
0.0, 0.0, 0.0, 0.0
0.0, 0.0, 0.0, 0.0
0.0, 0.0, 0.0, 0.0
0.0, 0.0, 0.0, 0.0
0.0, 0.0, 0.0, 0.0
-1.3419031529232375, -1.013419529198466, -1.3805916361256487, 5.247782146202521
-1.5886464652093557, -1.3889812786980322, -1.0529532645541493, 9.559266991064776
-0.8118191934450585, -1.1372030741004073, -1.7726029051266374, 7.4082070722742905
-1.4362385062988479, -1.2799758086793813, -1.2585891155193267, 9.222579988540016
-1.3870558376339248, -1.4816345228649872, -1.363022990117497, 1.141126438582468
0.0, 0.0, 0.0, 0.0
0.0, 0.0, 0.0, 0.0
0.0, 0.0, 0.0, 0.0
0.0, 0.0, 0.0, 0.0
0.0, 0.0, 0.0, 0.0
-1.3225788218791366, -1.021859113216171, -1.4761497432174184, 5.303005454566405
-1.5826681090120038, -1.5431729015429656, -1.0909989913657863, 9.61449029942866
-0.8487772151358516, -1.200145548207494, -1.7419370009035555, 7.463430380638174
-1.2907912042854237, -1.2406798887726345, -1.321829448650001, 9.2778032969039
-1.3785145735730828, -1.466085764823318, -1.365772146376419, 1.1963497469463509
0.0, 0.0, 0.0, 0.0
0.0, 0.0, 0.0, 0.0
0.0, 0.0, 0.0, 0.0
0.0, 0.0, 0.0, 0.0
0.0, 0.0, 0.0, 0.0
-1.3148009461218657, -1.0368126116003624, -1.5570948954136334, 5.358228762930288
-1.70610973351417, -1.5115295407882783, -1.2849538215367176, 9.669713607792543
-0.9199462272048557, -1.223466940719947, -1.7696066674852728, 7.518653689002058
-1.26497590484758, -1.2531876572695957, -1.1824803568239834, 9.333026605267783
-1.3788479596115146, -1.399970128539054, -1.3981982858061985, 1.2515730553102338
0.0, 0.0, 0.0, 0.0
0.0, 0.0, 0.0, 0.0
0.0, 0.0, 0.0, 0.0
0.0, 0.0, 0.0, 0.0
0.0, 0.0, 0.0, 0.0
-1.2724497785546676, -1.012201306959619, -1.5354123624113827, 5.413452071294172
-1.6934605045643372, -1.4036216091430458, -1.2443765860628104, 9.724936916156427
-0.9617645876483535, -1.2396635718591773, -1.6634491086638785, 7.573876997365941
-1.2624495589722415, -1.3331304508464512, -1.2540997149995463, 9.388249913631666
-1.3329477209418072, -1.379553954242208, -1.549945210738422, 1.3067963636741167
0.0, 0.0, 0.0, 0.0
0.0, 0.0, 0.0, 0.0
0.0, 0.0, 0.0, 0.0
0.0, 0.0, 0.0, 0.0
0.0, 0.0, 0.0, 0.0
-1.2606994173071697, -0.9939506852050136, -1.4951501832064829, 5.4502676102034275
-1.6581299516010672, -1.3936150935281832, -1.2727090966740406, 9.761752455065682
-0.8993859557147365, -1.1938140176145282, -1.546271134854596, 7.610692536275197
-1.2627719249087725, -1.3038204915313132, -1.1478337766496893, 9.425065452540922
-1.292143814153554, -1.3702981054996823, -1.4814677232641493, 1.343611902583372
0.0, 0.0, 0.0, 0.0
0.0, 0.0, 0.0, 0.0
0.0, 0.0, 0.0, 0.0
0.0, 0.0, 0.0, 0.0
0.0, 0.0, 0.0, 0.0
-1.2897766801629642, -1.007838787610183, -1.4497921288059148, 5.505490918567311
-1.7262015359227205, -1.338747817399043, -1.2844131994248962, 9.816975763429566
-0.9773821208526731, -1.2017583969264265, -1.6335711844875542, 7.6659158446390805
-1.2897309769682623, -1.2488188148866042, -1.0885511271300208, 9.480288760904806
-1.2953288668474887, -1.4875499483274368, -1.5912953204715463, 1.3988352109472548
0.0, 0.0, 0.0, 0.0
0.0, 0.0, 0.0, 0.0
0.0, 0.0, 0.0, 0.0
0.0, 0.0, 0.0, 0.0
0.0, 0.0, 0.0, 0.0
-1.324528352840129, -1.0803735142231616, -1.4258690295247072, 5.560714226931195
-1.6758166919793047, -1.3256972392841884, -1.3196759155152726, 9.87219907179345
-0.9345545718682611, -1.2240555216249551, -1.5562913872812667, 7.721139153002964
-1.301952276112539, -1.2920440541770448, -1.1773174513642999, 9.53551206926869
-1.3630518045732813, -1.4867941865595797, -1.4535654147409272, 1.4540585193111377
0.0, 0.0, 0.0, 0.0
0.0, 0.0, 0.0, 0.0
0.0, 0.0, 0.0, 0.0
0.0, 0.0, 0.0, 0.0
0.0, 0.0, 0.0, 0.0
-1.4477216286993388, -1.0722077598913824, -1.4648833540262756, 5.59752976584045
-1.6896594112433374, -1.2209196654066206, -1.4217130220893435, 9.909014610702705
-0.9603876658440569, -1.2429526016725532, -1.5329238617221668, 7.75795469191222
-1.2924868864137604, -1.2923489342369907, -1.150983123062278, 9.572327608177945
-1.3774678419380877, -1.4602996084495965, -1.4763367977525925, 1.490874058220393
0.0, 0.0, 0.0, 0.0
0.0, 0.0, 0.0, 0.0
0.0, 0.0, 0.0, 0.0
0.0, 0.0, 0.0, 0.0
0.0, 0.0, 0.0, 0.0
-1.4199241423897622, -1.06734262376005, -1.5288579788114167, 5.652753074204334
-1.669921832582336, -1.2144516974547455, -1.5116271670044534, 9.964237919066589
-0.9827297814852319, -1.1266523255910903, -1.3643673227760258, 7.813178000276103
-1.2937253492809853, -1.4101800186819191, -1.1780340557576887, 9.627550916541828
-1.3557912703659107, -1.4382250368528529, -1.5397319197462886, 1.5460973665842759
0.0, 0.0, 0.0, 0.0
0.0, 0.0, 0.0, 0.0
0.0, 0.0, 0.0, 0.0
0.0, 0.0, 0.0, 0.0
0.0, 0.0, 0.0, 0.0
-1.4205665097562374, -1.0624222868117106, -1.5685778235952517, 5.7079763825682175
-1.6955486820548118, -1.198526641918446, -1.5493576938741331, 0.018407769454627694
-1.0343078438030513, -1.0943980487589482, -1.2162078920933475, 7.868401308639987
-1.2763039862863859, -1.460552131529083, -1.3999496609216646, 9.682774224905712
-1.343917638385771, -1.4229245851063932, -1.5655471376716796, 1.6013206749481588
-1.6175618674425223, -1.2351352542616716, -1.3538254594871986, 0.018407769454627694
0.0, 0.0, 0.0, 0.0
0.0, 0.0, 0.0, 0.0
0.0, 0.0, 0.0, 0.0
0.0, 0.0, 0.0, 0.0
-1.4791300334402504, -1.0094140123081707, -1.558147072860432, 5.763199690932101
-1.6923199394919077, -1.2465830238142275, -1.6095497473003209, 0.07363107781851078
-1.0950858891003539, -1.0997137305475508, -1.2269332649199243, 7.92362461700387
-1.3003464695955853, -1.53032692943534, -1.3574270933206771, 9.737997533269596
-1.2672887843251364, -1.4072262312307262, -1.4862745044850076, 1.6565439833120417
-1.6195838054430385, -1.1990688345384801, -1.342176736465017, 0.07363107781851078
0.0, 0.0, 0.0, 0.0
0.0, 0.0, 0.0, 0.0
0.0, 0.0, 0.0, 0.0
0.0, 0.0, 0.0, 0.0
-1.3364540615842486, -1.0372345143694834, -1.5221726934542819, 5.800015229841357
-1.6441687446675533, -1.253711708514294, -1.6113965776549837, 0.11044661672776615
-1.1126100913972916, -1.086047913891128, -1.2550682133834026, 7.960440155913126
-1.319487147992736, -1.5310519575106736, -1.3520410350925056, 9.774813072178851
-1.2744560499308277, -1.4266833824578555, -1.5203667526074478, 1.693359522221297
-1.5697814729494055, -1.1964149969416513, -1.346965474905744, 0.11044661672776615
0.0, 0.0, 0.0, 0.0
0.0, 0.0, 0.0, 0.0
0.0, 0.0, 0.0, 0.0
0.0, 0.0, 0.0, 0.0
-1.3771669876988393, -1.0881353954771555, -1.5561982000315828, 5.85523853820524
-1.6436996442168923, -1.1852584789916822, -1.5479174835722467, 0.1656699250916492
-1.167257098740858, -1.0712011672443578, -1.15791661317242, 8.01566346427701
-1.3191002900960969, -1.5399454622720432, -1.3465473440904072, 9.830036380542735
-1.3003764884925282, -1.3853975855887457, -1.694081292890011, 1.7485828305851798
-1.4587298327783698, -1.2224124974218347, -1.5300278008229924, 0.14726215563702152
0.0, 0.0, 0.0, 0.0
0.0, 0.0, 0.0, 0.0
0.0, 0.0, 0.0, 0.0
0.0, 0.0, 0.0, 0.0
-1.3256205466183992, -1.0669364838194262, -1.6625213474209406, 5.910461846569124
-1.6138797783298477, -1.2206169646629745, -1.5291166746808698, 0.22089323345553227
-1.1850921532237235, -1.1181168270835522, -1.2678946214255915, 8.070886772640893
-1.31141791822757, -1.5184953296435744, -1.3704968132348045, 9.885259688906618
-1.3185797783435675, -1.4044362851306798, -1.548261725158292, 1.8038061389490627
-1.5039772168150334, -1.2348108622224412, -1.3969208294302013, 0.1840776945462769
0.0, 0.0, 0.0, 0.0
0.0, 0.0, 0.0, 0.0
0.0, 0.0, 0.0, 0.0
0.0, 0.0, 0.0, 0.0
-1.3269658605898642, -1.1118041028242678, -1.6690577259758712, 5.94727738547838
-1.5701039830386367, -1.24983120822402, -1.4572426337288085, 0.2577087723647877
-1.2153477507130885, -1.115097989208878, -1.2336168163055303, 8.107702311550149
-1.3967186915458945, -1.4855336040383305, -1.2786113373968218, 9.922075227815874
-1.460777700861609, -1.3696831835896262, -1.586767160814964, 1.840621677858318
-1.5591450758957246, -1.1490890738137516, -1.4118786315000456, 0.22089323345553227
0.0, 0.0, 0.0, 0.0
0.0, 0.0, 0.0, 0.0
0.0, 0.0, 0.0, 0.0
0.0, 0.0, 0.0, 0.0
-1.3613297401998483, -1.189323200887283, -1.6087099614216547, 6.002500693842263
-1.6718899754643115, -1.361358807750756, -1.4453684803680227, 0.31293208072867074
-1.1816235922392253, -1.1349629034211892, -1.3183461964702203, 8.162925619914033
-1.3805984286235415, -1.6187419939200014, -1.2992708075120256, 9.977298536179758
-1.4906893132131698, -1.3087325754649635, -1.570497118844803, 1.8958449862222009
-1.595878767935128, -1.1604546735121635, -1.4975058248026476, 0.27611654181941536
0.0, 0.0, 0.0, 0.0
0.0, 0.0, 0.0, 0.0
0.0, 0.0, 0.0, 0.0
0.0, 0.0, 0.0, 0.0
-1.371760946009385, -1.22975662945287, -1.6059166600277965, 6.057724002206147
-1.674604454278318, -1.3530112144197355, -1.4790984926523494, 0.3681553890925538
-1.1480029914775534, -1.070186197907794, -1.3840419019285823, 8.218148928277916
-1.465589710014931, -1.685461794891076, -1.3042981543618342, 0.018407769454627694
-1.5257619844295403, -1.3425454139131159, -1.4918806907504734, 1.9142527556768285
-1.5617086243981868, -1.1498654444429979, -1.5211750475825392, 0.3313398501832984
-1.5273348514676193, -1.6657767253479772, -1.4265111112853568, 0.018407769454627694
0.0, 0.0, 0.0, 0.0
0.0, 0.0, 0.0, 0.0
0.0, 0.0, 0.0, 0.0
-1.4212352277981721, -1.1695808230189622, -1.505673762266408, 6.11294731057003
-1.6900733278096975, -1.2604454215149943, -1.569655047502568, 0.42337869745643686
-1.1492624121145443, -1.2134325184785846, -1.447860283713525, 8.2733722366418
-1.5463256934296012, -1.6422604190733274, -1.430185125006338, 0.07363107781851078
-1.473029694875529, -1.459067293013959, -1.4682415147853698, 1.9510682945860838
-1.6133306182115827, -1.0982189908319102, -1.5579300929194897, 0.3865631585471815
-1.746148699002344, -1.6460371508976206, -1.4845761997250115, 0.07363107781851078
0.0, 0.0, 0.0, 0.0
0.0, 0.0, 0.0, 0.0
0.0, 0.0, 0.0, 0.0
-1.4107984166772622, -1.2066576752430136, -1.5176007237586853, 6.131355080024658
-1.6824086978894484, -1.2846917218890102, -1.6293049083360869, 0.46019423636569223
-1.1698209702052094, -1.252494889718244, -1.4379414630541683, 8.310187775551055
-1.5848574467971532, -1.5752494873295235, -1.4325344957274468, 0.11044661672776615
-1.3854097234919247, -1.4080584637781088, -1.5197504662613124, 1.987883833495339
-1.5742273304159757, -1.147335938737611, -1.4654467015064654, 0.42337869745643686
-1.6315199136476577, -1.5156158304429872, -1.4753898955702776, 0.11044661672776615
0.0, 0.0, 0.0, 0.0
0.0, 0.0, 0.0, 0.0
0.0, 0.0, 0.0, 0.0
-1.4668274434044573, -1.2896310588805981, -1.7119404545407335, 6.186578388388542
-1.4966943076783044, -1.3122363433998807, -1.5507160259346886, 0.4786020058203199
-1.185202534109852, -1.2667023323500743, -1.2966821087899039, 8.365411083914939
-1.5876945956305886, -1.51508685526529, -1.4670861273271216, 0.1656699250916492
-1.4087967927735714, -1.4112933202152331, -1.5556328817895793, 2.0431071418592226
-1.5848253130856813, -1.2394389819813263, -1.4919145063600494, 0.4786020058203199
-1.618276855667703, -1.5670102091048792, -1.49375451711337, 0.1656699250916492
0.0, 0.0, 0.0, 0.0
0.0, 0.0, 0.0, 0.0
0.0, 0.0, 0.0, 0.0
-1.4838374797471132, -1.2783738208421322, -1.755310369542022, 6.241801696752425
-1.428475766869018, -1.4045067629968266, -1.5969733657985405, 0.5338253141842031
-1.265409315229643, -1.3334424448860185, -1.2858173938124147, 8.420634392278822
-1.6675427316156148, -1.5086301940769078, -1.438069953299718, 0.22089323345553227
-1.4114317906076363, -1.4462030656426197, -1.5208017505603388, 2.098330450223106
-1.7327619463416837, -1.1433383255651464, -1.4279846940065888, 0.5338253141842031
-1.6031719388144976, -1.5847011624056226, -1.529106727479673, 0.22089323345553227
0.0, 0.0, 0.0, 0.0
0.0, 0.0, 0.0, 0.0
0.0, 0.0, 0.0, 0.0
-1.4223160654397136, -1.327013227079093, -1.7557040854535801, 6.278617235661681
-1.427695122582143, -1.275398040581588, -1.4375295892989648, 0.5522330836388308
-1.2655688627885573, -1.4387298097788757, -1.3442634174650216, 8.457449931188078
-1.6758106553976695, -1.4616734440356427, -1.4789869564364524, 0.2577087723647877
-1.4246708103836438, -1.44915811423143, -1.5174770959353405, 2.116738219677734
-1.703311024538049, -1.1356224570302886, -1.4874175997972026, 0.5706408530934586
-1.5862592823870638, -1.5787545777610568, -1.6106437274405714, 0.2577087723647877
0.0, 0.0, 0.0, 0.0
0.0, 0.0, 0.0, 0.0
0.0, 0.0, 0.0, 0.0
-1.3219352263575905, -1.3280521362169353, -1.6790466080372115, 6.3338405440255645
-1.3998252492354923, -1.2804876471232154, -1.5258309524350426, 0.5890486225480863
-1.2712924452766055, -1.297309764283261, -1.484003416176646, 8.512673239551962
-1.639899634673223, -1.520920750471945, -1.3998068203290743, 0.31293208072867074
-1.5184784319371116, -1.439077441484238, -1.4607999598496324, 2.116738219677734
-1.6665778437545717, -1.2075442364275715, -1.5796263533690904, 0.6258641614573418
-1.5605233812229289, -1.5627349588061037, -1.6935895225874193, 0.31293208072867074
0.0, 0.0, 0.0, 0.0
0.0, 0.0, 0.0, 0.0
0.0, 0.0, 0.0, 0.0
-1.3026158996502106, -1.2941890379653775, -1.5266992760108966, 6.389063852389448
-1.4256247167385514, -1.300785308479855, -1.5730367631084932, 0.6074563920027141
-1.1765840205380544, -1.32541781183489, -1.3232855318092125, 8.567896547915845
-1.6329415477741667, -1.5073940363932283, -1.4655749362877502, 0.3681553890925538
-1.5101391476208994, -1.438991306700301, -1.506570997509107, 2.116738219677734
-1.6441096289769297, -1.2101266427728987, -1.5991093259061198, 0.681087469821225
-1.4911842438643101, -1.560199182798328, -1.6692413760262526, 0.3681553890925538
0.0, 0.0, 0.0, 0.0
0.0, 0.0, 0.0, 0.0
0.0, 0.0, 0.0, 0.0
-1.3436752714366766, -1.3146882578687784, -1.4940233805994212, 6.444287160753332
-1.4637400789968205, -1.3013302429645281, -1.6621147463142056, 0.6626797003665973
-1.2203093916865537, -1.3551781217219299, -1.2846687727454145, 8.623119856279729
-1.503989438793106, -1.5078158841990543, -1.454627752523062, 0.42337869745643686
-1.541276312735859, -1.4399157077783755, -1.4095141132570939, 2.1535537585869897
-1.656457590145412, -1.31334008528359, -1.5126481863583858, 0.7363107781851083
-1.4954337301623701, -1.5561551116094459, -1.7213146738503764, 0.42337869745643686
0.0, 0.0, 0.0, 0.0
0.0, 0.0, 0.0, 0.0
0.0, 0.0, 0.0, 0.0
-1.3500437893275383, -1.2202754517339283, -1.5143734265112654, 6.481102699662587
-1.473975098318635, -1.3226855039792988, -1.7544358181614452, 0.6994952392758528
-1.2809694180413602, -1.3209941565822316, -1.2005112355166871, 8.659935395188985
-1.3643575549955531, -1.515313300812262, -1.491856311576933, 0.46019423636569223
-1.5448822853564754, -1.4158986142084382, -1.3762574328206723, 2.1903692974962454
-1.677332020645958, -1.2909281634005705, -1.5945162926833982, 0.7731263170943637
-1.4884990233437052, -1.5992575309336754, -1.664339918648479, 0.46019423636569223
0.0, 0.0, 0.0, 0.0
0.0, 0.0, 0.0, 0.0
0.0, 0.0, 0.0, 0.0
-1.3833640143586459, -1.2690935314663785, -1.5949655499471886, 6.536326008026471
-1.4660925704962533, -1.3342213621771342, -1.683104700681142, 0.754718547639736
-1.2823262449815582, -1.32223914772499, -1.2289598781163495, 8.715158703552868
-1.3739879625211584, -1.4556815020318892, -1.5997244633508965, 0.5154175447295753
-1.5738462997477916, -1.2916555503399678, -1.4396141281499706, 2.2087770669508733
-1.7282246719094099, -1.3172823276873284, -1.5832007786704714, 0.828349625458247
-1.5247660024439245, -1.5400658160950371, -1.5658369840699244, 0.5154175447295753
0.0, 0.0, 0.0, 0.0
0.0, 0.0, 0.0, 0.0
0.0, 0.0, 0.0, 0.0
-1.3957894365151398, -1.2862841159303167, -1.5062439778709826, 6.5915493163903545
-1.5981443497737238, -1.3303893560458961, -1.6527887460452846, 0.8099418560036192
-1.4179429661984404, -1.2544896314823426, -1.1613183853219395, 8.770382011916752
-1.3662776349991719, -1.4755728890692115, -1.570322341368667, 0.5706408530934586
-1.5541283505973897, -1.307614347677489, -1.4094676746693757, 2.245592605860129
-1.7195485876807823, -1.3589312955297477, -1.5425564879208398, 0.8835729338221302
-1.5621318971749967, -1.5247091429418826, -1.683063757117055, 0.5706408530934586
0.0, 0.0, 0.0, 0.0
0.0, 0.0, 0.0, 0.0
0.0, 0.0, 0.0, 0.0
-1.3483145088446074, -1.263962373220274, -1.4711136255049566, 6.62836485529961
-1.5383753418051478, -1.3912729285605536, -1.5939743045111774, 0.8467573949128747
-1.4318722851159051, -1.2613600777103815, -1.1779246514298185, 8.807197550826007
-1.355758102897064, -1.50176417007597, -1.481499908178871, 0.6074563920027141
-1.5925103402740326, -1.305203918766711, -1.3859286226421563, 2.245592605860129
-1.7862120037588967, -1.322394420898454, -1.5142344535022458, 0.9203884727313857
-1.5214487482941976, -1.5150808807551903, -1.6202746343130954, 0.6074563920027141
0.0, 0.0, 0.0, 0.0
0.0, 0.0, 0.0, 0.0
0.0, 0.0, 0.0, 0.0
-1.3422689984005218, -1.2546605419347234, -1.4617974464712913, 6.683588163663494
-1.4387945914201858, -1.4142194666280312, -1.488864822102593, 0.8651651643675025
-1.4065633612224915, -1.258557205935737, -1.1746566832119545, 8.862420859189891
-1.3815654096976497, -1.5423791507203468, -1.4847977603306433, 0.6626797003665973
-1.6283568655288263, -1.2417463715942239, -1.4311737650365484, 2.264000375314757
-1.7194577962659463, -1.367098598794249, -1.5056859894112196, 0.9756117810952689
-1.5338256687126273, -1.4078046920924046, -1.6928456685031334, 0.6626797003665973
0.0, 0.0, 0.0, 0.0
0.0, 0.0, 0.0, 0.0
0.0, 0.0, 0.0, 0.0
-1.2390965161397822, -1.339645758448953, -1.5719469407217956, 6.738811472027377
-1.378842498793522, -1.4211839222592169, -1.5695318000181102, 0.901980703276758
-1.4962652175572055, -1.3480463653877266, -1.1124100370624, 8.917644167553775
-1.3977687804429333, -1.6597196271392178, -1.5235230158234958, 0.7179030087304805
-1.6144396300832853, -1.2858703940044387, -1.4944177814501358, 2.3192236836786404
-1.8106086080921178, -1.4618858321152235, -1.2538087103251259, 1.030835089459152
-1.503872579957968, -1.3454169359697181, -1.6243823912219013, 0.7179030087304805
0.0, 0.0, 0.0, 0.0
0.0, 0.0, 0.0, 0.0
0.0, 0.0, 0.0, 0.0
-1.2455633008504952, -1.2668479870088685, -1.5613488773306168, 6.794034780391261
-1.4294582991190137, -1.5208904930008083, -1.5553295212285023, 0.901980703276758
-1.466190537807884, -1.3616517998932716, -1.1056799387458063, 8.972867475917658
-1.4189550980182246, -1.6103575734277071, -1.6383394294328062, 0.7731263170943637
-1.6657674402278873, -1.292576752815886, -1.413681197198053, 2.374446992042524
-1.7485083752959396, -1.5013169533858968, -1.447178498484204, 1.086058397823035
-1.5460978762830513, -1.4253697345906073, -1.6667441839879593, 0.7731263170943637
0.0, 0.0, 0.0, 0.0
0.0, 0.0, 0.0, 0.0
0.0, 0.0, 0.0, 0.0
-1.3000113589028475, -1.2272200152377193, -1.568321012354495, 6.830850319300517
-1.49212072134653, -1.5636146649491265, -1.5880534387401382, 0.9203884727313857
-1.4747964647623, -1.3626960552004748, -1.1501217138106983, 9.009683014826914
-1.423886561200397, -1.561540090532983, -1.6628417028258262, 0.8099418560036192
-1.63355987990202, -1.2030870883137665, -1.5489763468092983, 2.4112625309517797
-1.7386638030955335, -1.4916372375036426, -1.4378182102538835, 1.1228739367322902
-1.5479454745554504, -1.3630294017031215, -1.6198415977310734, 0.8099418560036192
0.0, 0.0, 0.0, 0.0
0.0, 0.0, 0.0, 0.0
0.0, 0.0, 0.0, 0.0
-1.3216518802599426, -1.2943494198328471, -1.4847601187031028, 6.8860736276644
-1.432499343155476, -1.4937821194086296, -1.4323600785623165, 0.9572040116406412
-1.485516406191166, -1.4111361993052083, -1.1709466785334273, 9.064906323190797
-1.429958232714637, -1.612883796441953, -1.7052455142449718, 0.8651651643675025
-1.5842081695207832, -1.338869608043302, -1.6906942697759895, 2.4480780698610354
-1.6804570136595236, -1.500912512323168, -1.3170522851134492, 1.178097245096173
-1.671618028152009, -1.2260493701970951, -1.6777479807277835, 0.8467573949128747
0.0, 0.0, 0.0, 0.0
0.0, 0.0, 0.0, 0.0
0.0, 0.0, 0.0, 0.0
-1.3854033777281753, -1.3032365030279858, -1.4341071577598234, 6.941296936028284
-1.471664902748021, -1.4837022555444603, -1.4493113225084588, 0.9940195505498967
-1.515812999222833, -1.400142762050211, -1.2501246238999015, 9.120129631554681
-1.500257442136784, -1.5605178787414093, -1.6496101911646384, 0.9203884727313857
-1.5956279165472875, -1.3561324157946486, -1.643677686645435, 2.503301378224919
-1.7028325314418984, -1.4640029763792477, -1.2065601982448302, 1.233320553460056
-1.650054397389144, -1.1847470472964485, -1.6182198085994641, 0.901980703276758
0.0, 0.0, 0.0, 0.0
0.0, 0.0, 0.0, 0.0
0.0, 0.0, 0.0, 0.0
-1.4096998999777604, -1.2307718290135712, -1.4360940186260691, 6.978112474937539
-1.4715595527927616, -1.4783630834599, -1.4756066016799616, 1.030835089459152
-1.529137050512953, -1.4100602878100472, -1.2332556284002554, 9.156945170463937
-1.5154523712031893, -1.5374118255016629, -1.6257589224411668, 0.9572040116406412
-1.6325215403936686, -1.2806578722786093, -1.5961323497567668, 2.521709147679547
-1.7711813102827354, -1.459056262971485, -1.2993697287896169, 1.2701360923693112
-1.6539809105140557, -1.2182583492947185, -1.6271961506964634, 0.9387962421860134
0.0, 0.0, 0.0, 0.0
0.0, 0.0, 0.0, 0.0
0.0, 0.0, 0.0, 0.0
-1.357287732041407, -1.2085698312498736, -1.3663890161967875, 7.033335783301423
-1.470359675393222, -1.4970611805469383, -1.5693593459050472, 1.086058397823035
-1.5486084528349742, -1.3570318490615794, -1.0658794480115978, 9.21216847882782
-1.440959076516099, -1.4681906092938426, -1.662666677523711, 1.0124273200045244
-1.6336695590115438, -1.2884654966110478, -1.5947447181691587, 2.5769324560434304
-1.7030626648864755, -1.4192842187792551, -1.3914985606292807, 1.3253594007331941
-1.6527979703410685, -1.235602972406646, -1.57433055283452, 0.9940195505498967
0.0, 0.0, 0.0, 0.0
0.0, 0.0, 0.0, 0.0
0.0, 0.0, 0.0, 0.0
-1.3425914210506877, -1.195395309016564, -1.3791233413424826, 7.0885590916653065
-1.5496477634632544, -1.550068088025576, -1.3787464378345307, 1.1412817061869178
-1.5239407070974589, -1.404618940327457, -1.1163519330876936, 9.267391787191704
-1.4773965768022206, -1.4802644127623488, -1.646062202201427, 1.0676506283684073
-1.5468180359530819, -1.2521137311034616, -1.6535220098125505, 2.613747994952686
-1.6589136096814845, -1.5089026301690631, -1.420166454111891, 1.380582709097077
-1.6601546990638387, -1.2338275025576817, -1.803471949707057, 1.0492428589137797
0.0, 0.0, 0.0, 0.0
0.0, 0.0, 0.0, 0.0
0.0, 0.0, 0.0, 0.0
-1.4178952241690106, -1.272570877313685, -1.366414251365811, 7.14378240002919
-1.6056765605527166, -1.529910049929964, -1.4331322380932385, 1.1965050145508007
-1.519994446174204, -1.3241040890293818, -1.11985518127413, 9.322615095555587
-1.4995522135328818, -1.5082996143555683, -1.6517276713151687, 1.1228739367322902
-1.5915973986965612, -1.3536843251392743, -1.67895980573202, 2.613747994952686
-1.6638707352498725, -1.5936872583605364, -1.480494543457695, 1.43580601746096
-1.6601246696656236, -1.2541254313230592, -1.722446009186429, 1.1044661672776626
0.0, 0.0, 0.0, 0.0
0.0, 0.0, 0.0, 0.0
0.0, 0.0, 0.0, 0.0
-1.410590710859512, -1.2503395581754233, -1.4012587749433516, 7.180597938938446
-1.7003296714257856, -1.5779127305345417, -1.494332914987699, 1.233320553460056
-1.5654240066640506, -1.3481374841877682, -1.1390811251145359, 9.359430634464843
-1.5319478043646202, -1.5839711341077722, -1.6694570965430207, 1.1596894756415455
-1.5338297932304694, -1.350698964175717, -1.5796924404486288, 2.613747994952686
-1.6543152797710867, -1.608157947232498, -1.4937740882210462, 1.4726215563702152
-1.6709215076483177, -1.2457256192809436, -1.7787342910920638, 1.1412817061869178
0.0, 0.0, 0.0, 0.0
0.0, 0.0, 0.0, 0.0
0.0, 0.0, 0.0, 0.0
-1.4325957952541193, -1.2106197492762234, -1.4608921273148756, 7.235821247302329
-1.6790400805290067, -1.5429777806662286, -1.4043082717940676, 1.2885438618239389
-1.6384617914208968, -1.4293873765538958, -1.1782228871777354, 9.414653942828727
-1.4958070534381722, -1.5412998270636786, -1.6749922083551492, 1.2149127840054283
-1.5612463156536316, -1.3608549775124321, -1.4493532567062988, 2.613747994952686
-1.634185623266831, -1.5496078366407613, -1.6993413665415116, 1.527844864734098
-1.6481411030304465, -1.2979632537308534, -1.7575409178226202, 1.1965050145508007
0.0, 0.0, 0.0, 0.0
0.0, 0.0, 0.0, 0.0
0.0, 0.0, 0.0, 0.0
-1.5170387925155393, -1.1834820081821575, -1.3613777830502465, 7.291044555666213
-1.6056156600220106, -1.6110338915701345, -1.3958226335856125, 1.3437671701878218
-1.6014532043290783, -1.4391738507289966, -1.2764748663604473, 9.46987725119261
-1.5228269343706524, -1.6192037428863353, -1.6897829056533793, 1.2701360923693112
-1.466762740498626, -1.36408014834563, -1.5123571767791344, 2.6505635338619418
-1.5408275844671064, -1.594725279441554, -1.7096960539198731, 1.583068173097981
-1.5922687063263792, -1.3519920536577934, -1.6746257322422176, 1.2517283229146836
0.0, 0.0, 0.0, 0.0
0.0, 0.0, 0.0, 0.0
0.0, 0.0, 0.0, 0.0
-1.4788304931841165, -1.2033524670442022, -1.396968956760011, 7.327860094575469
-1.6554468986925843, -1.5530027340107397, -1.5139393478151861, 1.380582709097077
-1.6493712841545685, -1.4899273712136225, -1.233112703568056, 9.506692790101866
-1.522880655823287, -1.6093628560121478, -1.6580824211631102, 1.3069516312785665
-1.4925535755041717, -1.361362496155342, -1.490899434629978, 2.6873790727711975
-1.5525038625406533, -1.5676027450645973, -1.6847005118622609, 1.6198837120072362
-1.6311380800010367, -1.4097021104808585, -1.789646361814209, 1.2885438618239389
0.0, 0.0, 0.0, 0.0
0.0, 0.0, 0.0, 0.0
0.0, 0.0, 0.0, 0.0
-1.5026892042818407, -1.1316767442892957, -1.475041483496837, 7.383083402939352
-1.5710950046157062, -1.5847341624037492, -1.4957459694301458, 1.43580601746096
-1.6002864994160155, -1.430621845245729, -1.3710984835935605, 9.56191609846575
-1.4570088742444847, -1.5907933535142864, -1.6830923825810988, 1.3621749396424494
-1.554332266120831, -1.341280267406338, -1.5841476045462346, 2.7057868422258253
-1.6093308477183648, -1.6209280873960403, -1.7442322393756542, 1.6751070203711191
-1.6056722663590015, -1.3784303656343202, -1.8316897134564052, 1.3437671701878218
0.0, 0.0, 0.0, 0.0
0.0, 0.0, 0.0, 0.0
0.0, 0.0, 0.0, 0.0
-1.4133462000235375, -1.0946625488400872, -1.4253485309103404, 7.438306711303236
-1.574160451166914, -1.618684622880153, -1.6542216982494289, 1.4910293258248428
-1.5720089029109914, -1.4052615531317787, -1.3544918877521868, 9.617139406829633
-1.4389500539523126, -1.5071744338008712, -1.7274143128060242, 1.4173982480063323
-1.563829448222999, -1.3291209929095193, -1.5480762934119805, 2.761010150589709
-1.621850233688972, -1.6058851735246336, -1.7445125220188655, 1.730330328735002
-1.5906425369513655, -1.3758523920073333, -1.8254113207801477, 1.3989904785517047
0.0, 0.0, 0.0, 0.0
0.0, 0.0, 0.0, 0.0
0.0, 0.0, 0.0, 0.0
-1.3968052625752836, -1.1078088925721365, -1.5766717715489147, 7.493530019667119
-1.620222354105702, -1.5969225314518096, -1.5705960919082904, 1.5462526341887257
-1.596621191099054, -1.414964538100878, -1.3868178839381873, 9.672362715193517
-1.4378482649278157, -1.6079439413307657, -1.7413663448512475, 1.4726215563702152
-1.4747041339117677, -1.2117709552413112, -1.5202187010015717, 2.8162334589535925
-1.617468274625945, -1.605911282019331, -1.6829876739769332, 1.785553637098885
-1.545502071408804, -1.4127914692906445, -1.8095111235130255, 1.4542137869155876
0.0, 0.0, 0.0, 0.0
0.0, 0.0, 0.0, 0.0
0.0, 0.0, 0.0, 0.0
-1.4377971784081442, -1.1239787690319718, -1.7386016417332006, 7.530345558576375
-1.588600916858581, -1.615317056146374, -1.6529278614281038, 1.583068173097981
-1.6203909455118926, -1.4211456587319682, -1.3037063607574217, 9.709178254102772
-1.488916620291426, -1.5984822797466418, -1.722625234353642, 1.5094370952794705
-1.5114988310217934, -1.3055641939045184, -1.5055801117783927, 2.8346412284082203
-1.6275079304345446, -1.6161198335133653, -1.709639955765986, 1.8223691760081402
-1.5451395775393038, -1.50253775171932, -1.8647659382632418, 1.4910293258248428
0.0, 0.0, 0.0, 0.0
0.0, 0.0, 0.0, 0.0
0.0, 0.0, 0.0, 0.0
-1.4803038722878876, -1.1464841804207606, -1.772597769535371, 7.585568866940259
-1.519621902485096, -1.5928768953145946, -1.5498905351800623, 1.6382914814618639
-1.6744281553710383, -1.3491346860440672, -1.2335782320060622, 9.764401562466656
-1.4466502221199247, -1.6440540546413418, -1.6815727303598624, 1.5646604036433533
-1.5138703435680745, -1.339244529131255, -1.4445188224031091, 2.889864536772104
-1.6300455537135845, -1.603969470534185, -1.664659543566613, 1.877592484372023
-1.452928430307717, -1.377434610868006, -1.9421708051278865, 1.5462526341887257
0.0, 0.0, 0.0, 0.0
0.0, 0.0, 0.0, 0.0
0.0, 0.0, 0.0, 0.0
-1.5339550201366243, -1.2384095301433833, -1.6083760104787534, 7.640792175304142
-1.6662776667930241, -1.551787056166576, -1.6257796642897326, 1.6935147898257468
-1.599915558200113, -1.3288543206142842, -1.306194698164961, 9.81962487083054
-1.4583453843690117, -1.602303423111184, -1.6068419454023828, 1.6198837120072362
-1.4939338081194622, -1.3017455996805127, -1.5790631058283238, 2.9450878451359874
-1.591689269002841, -1.5658039362607592, -1.7468978493482374, 1.932815792735906
-1.540599965494101, -1.3515658978473857, -1.8240509171335444, 1.6014759425526086
0.0, 0.0, 0.0, 0.0
0.0, 0.0, 0.0, 0.0
0.0, 0.0, 0.0, 0.0
-1.4982250846205805, -1.3183823262949115, -1.70464975425866, 7.677607714213398
-1.6272847543167563, -1.4889727270750004, -1.604051324374269, 1.730330328735002
-1.5997532472744325, -1.3222232848504223, -1.2320567286830915, 9.856440409739795
-1.4281272283594284, -1.6026335153270883, -1.5985959686739295, 1.6566992509164915
-1.4825611635733826, -1.304611625876254, -1.5619075111960923, 2.981903384045243
-1.57865335964152, -1.5139696916178076, -1.8680194029037034, 1.9696313316451612
-1.5689295473542095, -1.3665872045785734, -1.8656043370628268, 1.6382914814618639
0.0, 0.0, 0.0, 0.0
0.0, 0.0, 0.0, 0.0
0.0, 0.0, 0.0, 0.0
-1.3378398253957058, -1.354562536792153, -1.6190361073116182, 7.732831022577281
-1.6381912178978462, -1.4634311718695594, -1.6407058669539343, 1.785553637098885
-1.4890755019520086, -1.2634281320684708, -1.265915162268372, 9.911663718103679
-1.4844387620877888, -1.603960408277415, -1.6018608921361723, 1.7119225592803744
-1.4630174478409586, -1.2992546571102421, -1.5119425902164303, 3.0371266924091267
-1.556959883157783, -1.508362611313672, -1.8874674031495327, 2.0248546400090444
-1.5561333268550788, -1.329409065197262, -1.9156927875826257, 1.6935147898257468
0.0, 0.0, 0.0, 0.0
0.0, 0.0, 0.0, 0.0
0.0, 0.0, 0.0, 0.0
-1.3125379528393089, -1.3489021488585278, -1.5451096244681872, 7.788054330941165
-1.7277241611632561, -1.4752528127666786, -1.6121773616694492, 1.8407769454627678
-1.4724333446843119, -1.2723804901690514, -1.3289224703407325, 9.966887026467562
-1.4510390583610953, -1.607452899331092, -1.6477798864390232, 1.7671458676442573
-1.484084266297851, -1.3145828821433239, -1.4651180023508863, 3.0371266924091267
-1.5069396134007231, -1.5003631474416028, -1.744470982893145, 2.080077948372928
-1.5735835020043913, -1.3205450234243452, -1.9048080212232013, 1.7487380981896297
0.0, 0.0, 0.0, 0.0
0.0, 0.0, 0.0, 0.0
0.0, 0.0, 0.0, 0.0
-1.2716065588150862, -1.2812975310333194, -1.6853590696295742, 7.8432776393050485
-1.7407729482142458, -1.4680758810584802, -1.5957247280721338, 1.8960002538266507
-1.5557816391423247, -1.238902561801205, -1.2317702353874014, 0.018407769454627694
-1.427002905534429, -1.5953289204503474, -1.663610410833164, 1.8223691760081402
-1.505611010530067, -1.4228575539471966, -1.4320750730205318, 3.0923500007730103
-1.5474692604984872, -1.4723666495501564, -1.8017925053210273, 2.1168934872821836
-1.564231572265787, -1.3125336600445572, -1.9467383997191379, 1.8039614065535126
-1.4768166187415162, -1.3039299400177715, -1.4244500174708996, 0.0
0.0, 0.0, 0.0, 0.0
0.0, 0.0, 0.0, 0.0
-1.3156043356980036, -1.2690947388326415, -1.6790165496927936, 7.880093178214304
-1.716608115941024, -1.4585919012396946, -1.7102828541636979, 1.932815792735906
-1.5790181208024006, -1.1981312426080664, -1.3599743065343333, 0.05522330836388308
-1.4173689231096245, -1.582765386815187, -1.6190563735612769, 1.8591847149173955
-1.5050121129168876, -1.3880874511654928, -1.4971629553864256, 3.0923500007730103
-1.5511505146119007, -1.4838646914133764, -1.7546746315113666, 2.1537090261914393
-1.5288389596017649, -1.334460378307202, -1.9340732628608541, 1.8407769454627678
-1.47574964397326, -1.3739388855497217, -1.3323874184911888, 0.03681553890925539
0.0, 0.0, 0.0, 0.0
0.0, 0.0, 0.0, 0.0
-1.4129235286815567, -1.225894077946279, -1.6692996458883205, 7.935316486578188
-1.7045437285604077, -1.4620951507914104, -1.6198655457457085, 1.9880391010997889
-1.6136665275504836, -1.1969236736433588, -1.389349168072058, 0.11044661672776615
-1.427059192597868, -1.5692964562860139, -1.6730097830962523, 1.9144080232812783
-1.5503451560628565, -1.399641863092421, -1.4847781950570351, 3.129165539682266
-1.489784038082487, -1.459108086543088, -1.7518916236953914, 2.208932334555323
-1.5375613943611877, -1.3194012183743902, -1.7625949538949994, 1.8960002538266507
-1.5073978393408816, -1.2973249917973297, -1.4237642001309412, 0.09203884727313846
0.0, 0.0, 0.0, 0.0
0.0, 0.0, 0.0, 0.0
-1.393693840186522, -1.1707743003640025, -1.6449115562835717, 7.990539794942071
-1.7327491647582913, -1.4199840699237343, -1.5726191558797369, 2.043262409463672
-1.6026430625222068, -1.2019906739368278, -1.3491707113570053, 0.1656699250916492
-1.4285032579402501, -1.563402274918471, -1.5803833025046816, 1.9696313316451612
-1.5381227010999816, -1.3862068332137245, -1.5504177149436185, 3.147573309136894
-1.4238449649392104, -1.4250456058413, -1.7983543483891025, 2.2641556429192065
-1.5616017799017876, -1.3729037391484449, -1.7372116411403364, 1.9512235621905336
-1.4108863088594186, -1.2819587134871826, -1.4706196604500537, 0.14726215563702152
0.0, 0.0, 0.0, 0.0
0.0, 0.0, 0.0, 0.0
-1.2992940200089322, -1.231382547130678, -1.7539797056687318, 8.045763103305955
-1.7040676345231687, -1.3952284581317362, -1.5146818580329122, 2.0984857178275558
-1.5896517344346657, -1.1421929275380105, -1.4761543841353277, 0.22089323345553227
-1.3545621572872395, -1.6007429677466227, -1.4286419508314903, 2.0248546400090444
-1.5016119651166366, -1.3187240226720847, -1.4316583233578581, 3.1843888480461495
-1.441101138191571, -1.4234019298752592, -1.7662967054846037, 2.31937895128309
-1.5852097398383762, -1.418017121748469, -1.61588109775087, 2.0064468705544165
-1.3177444540423957, -1.3005001548908406, -1.4399724847493747, 0.20248546400090459
0.0, 0.0, 0.0, 0.0
0.0, 0.0, 0.0, 0.0
-1.263274320744967, -1.2902609231936393, -1.831020532272401, 8.08257864221521
-1.7741946440996612, -1.4175955324820737, -1.4943639024983493, 2.1353012567368115
-1.57616853144911, -1.1960709642338705, -1.5036136285359614, 0.2577087723647877
-1.3947641117083869, -1.6105131462069062, -1.4388999433119762, 2.0616701789183
-1.4851815427797674, -1.3106584963035546, -1.414813031298043, 3.2212043869554052
-1.478184644918694, -1.426050789887806, -1.7267813764464452, 2.3561944901923457
-1.6094936276611544, -1.4565815027218607, -1.6942348558622118, 2.043262409463672
-1.3217766519837808, -1.3539763060736147, -1.4902574131016428, 0.23930100291015996
0.0, 0.0, 0.0, 0.0
0.0, 0.0, 0.0, 0.0
-1.2825325849674791, -1.3012476645548035, -1.8133059711688229, 8.137801950579094
-1.6958254980089773, -1.550386478629527, -1.4452524850784512, 2.190524565100695
-1.5644142575716207, -1.2167702113448202, -1.57541510911233, 0.31293208072867074
-1.4004327995489816, -1.57195205668151, -1.4268623342018967, 2.1168934872821836
-1.363797155920303, -1.327593561033692, -1.6204163848105946, 3.276427695319289
-1.4402978618892877, -1.4286203685524919, -1.6623269876959996, 2.3930100291016014
-1.5742067151782637, -1.472836213274538, -1.694948610087174, 2.0984857178275558
-1.3469609263337197, -1.4229477782649145, -1.4633244091321982, 0.29452431127404305
0.0, 0.0, 0.0, 0.0
0.0, 0.0, 0.0, 0.0
-1.3845199554123724, -1.306091108368388, -1.8432634974993518, 8.193025258942978
-1.6121481815127612, -1.5241087517888285, -1.3584924713800126, 2.2457478734645786
-1.524213047851525, -1.1872923863808764, -1.5798660361714576, 0.3681553890925538
-1.3727016698215917, -1.5655998415296688, -1.4981993470699706, 2.172116795646067
-1.3266267966528587, -1.3531994779256258, -1.6678692830215047, 3.3316510036831724
-1.407538782561106, -1.3960993364169292, -1.5687892504860212, 2.3930100291016014
-1.605643486593139, -1.4818175352384468, -1.6682130201539493, 2.1537090261914393
-1.3648991546131823, -1.4408285339011542, -1.4315668098408283, 0.3497476196379261
0.0, 0.0, 0.0, 0.0
0.0, 0.0, 0.0, 0.0
-1.409860516454815, -1.312382158949419, -1.7969352755663155, 8.229840797852233
-1.5811185059120325, -1.521406380538592, -1.406145734633108, 2.2825634123738343
-1.5291883471162986, -1.2090058922069247, -1.5660045738293793, 0.40497092800180917
-1.4714238038556011, -1.6387080468898656, -1.545253953966907, 2.208932334555323
-1.3552768889841247, -1.4687638375470538, -1.6013870342221042, 3.368466542592428
-1.4051713299771837, -1.3596048280276412, -1.5235004697859387, 2.4114177985562293
-1.5833112249808041, -1.4842210475490176, -1.6046327760491295, 2.190524565100695
-1.3566041152797925, -1.445483949022762, -1.371927015891691, 0.3865631585471815
0.0, 0.0, 0.0, 0.0
0.0, 0.0, 0.0, 0.0
-1.4395878458485867, -1.340746856462061, -1.6789327913992216, 8.285064106216117
-1.594567545346117, -1.5602787348817155, -1.440554154845653, 2.337786720737718
-1.5857143693230413, -1.2290287090344423, -1.5721560084109982, 0.46019423636569223
-1.4458658897757868, -1.7004008967290094, -1.5667756707288243, 2.2641556429192065
-1.2874365905617264, -1.4743852271763627, -1.5897035336124987, 3.4236898509563116
-1.347085031457528, -1.3567692325159173, -1.5003411224390368, 2.466641106920113
-1.5322205614651205, -1.4306350926458211, -1.6125511020990895, 2.2457478734645786
-1.3549930841376416, -1.4349910207207786, -1.243260107261729, 0.44178646691106455
0.0, 0.0, 0.0, 0.0
0.0, 0.0, 0.0, 0.0
-1.48725666651074, -1.2852598477030193, -1.6812583268416526, 8.34028741458
-1.6644012250765334, -1.5305218802205245, -1.392635647752596, 2.3930100291016014
-1.584121113023381, -1.2524495423197346, -1.4869373463655082, 0.5154175447295753
-1.528621472172224, -1.5838132185677276, -1.5586631207563315, 2.31937895128309
-1.2792361340200995, -1.4964625932650204, -1.493375815290438, 3.478913159320195
-1.321499877298199, -1.3102770971034652, -1.3853588115915823, 2.5218644152839964
-1.5386428713818243, -1.448190496577797, -1.4499877267647683, 2.2457478734645786
-1.3970197325297975, -1.4606737566271986, -1.2852465348887563, 0.4970097752749476
0.0, 0.0, 0.0, 0.0
0.0, 0.0, 0.0, 0.0
-1.5001992525788042, -1.2394308830629974, -1.7021894442370276, 8.395510722943884
-1.7061069250961516, -1.552000112176203, -1.419501223551977, 2.448233337465485
-1.558123568977982, -1.2351583985137506, -1.553612548517872, 0.5706408530934586
-1.6088981309246593, -1.5438654118750723, -1.5446983361219269, 2.3746022596469736
-1.2970962549768226, -1.4172915995677153, -1.6038072117865003, 3.5341364676840787
-1.4136152613147708, -1.286507683719457, -1.5026913772018617, 2.57708772364788
-1.4958667984290681, -1.400774077423133, -1.4820613771457352, 2.2457478734645786
-1.3858559084339996, -1.4460305205566424, -1.2603177289804999, 0.5522330836388308
0.0, 0.0, 0.0, 0.0
0.0, 0.0, 0.0, 0.0
-1.4938134928674844, -1.1708318618859797, -1.7955318501756257, 8.43232626185314
-1.7246972784147319, -1.6335362392670931, -1.5413540672635904, 2.4850488763747407
-1.6177463829050436, -1.2612282214448143, -1.5092646630381983, 0.6074563920027141
-1.5954457442510426, -1.5799692257574391, -1.5278782919186171, 2.4114177985562293
-1.3237789025313669, -1.468891505476656, -1.6643974969306077, 3.5709520065933344
-1.400285523516807, -1.3123825730592302, -1.4856108455046333, 2.6139032625571357
-1.4992112820480736, -1.427557642705434, -1.4413430205166353, 2.2457478734645786
-1.4348466374079114, -1.3692090435470203, -1.2599084642586493, 0.5890486225480863
0.0, 0.0, 0.0, 0.0
0.0, 0.0, 0.0, 0.0
-1.4171403485439578, -1.2585469556596642, -1.8585809396525215, 8.487549570217023
-1.7907358979921213, -1.6443135358375225, -1.517205984786634, 2.5402721847386243
-1.629904812194378, -1.226921625394365, -1.557912464730952, 0.6626797003665973
-1.5061296370525823, -1.4753549143699778, -1.5127843786687143, 2.448233337465485
-1.349633344516617, -1.5047559714354346, -1.5338395491337324, 3.626175314957218
-1.4031790517720584, -1.3026082050247654, -1.4823723404803468, 2.6691265709210192
-1.5673532823676573, -1.4598068624300777, -1.417919051522534, 2.2825634123738343
-1.3688366910806449, -1.3365339342719276, -1.3695419697047728, 0.6442719309119695
0.0, 0.0, 0.0, 0.0
0.0, 0.0, 0.0, 0.0
-1.431875614898459, -1.3592843175889169, -1.8227681091529884, 8.542772878580907
-1.7811915018347926, -1.55275140933432, -1.5380900212572828, 2.595495493102508
-1.5977101291717675, -1.2827793911567054, -1.596125175004044, 0.7179030087304805
-1.4901711195435456, -1.4671148618753675, -1.4050420275102635, 2.4850488763747407
-1.3794523600817912, -1.517131156689041, -1.5947989613302271, 3.6813986233211016
-1.4061693872152083, -1.313979442322496, -1.5000098600582887, 2.6691265709210192
-1.5717859318534617, -1.4153314369783419, -1.3293610530453586, 2.337786720737718
-1.3147432308629885, -1.2150191496877443, -1.3597684417276057, 0.6994952392758528
0.0, 0.0, 0.0, 0.0
0.0, 0.0, 0.0, 0.0
-1.4302693249914344, -1.357613373274249, -1.8183616308645192, 8.579588417490163
-1.7566672856332493, -1.4625145551892604, -1.5724932982752062, 2.6323110320117635
-1.6223492040239742, -1.3363457685367746, -1.6089448526384458, 0.754718547639736
-1.543728241514133, -1.443701638607694, -1.2204929295968998, 2.5218644152839964
-1.4623286950512475, -1.5545805029326891, -1.603090984215828, 3.7182141622303573
-1.4350368415955181, -1.2813887108194673, -1.53770484397353, 2.687534340375647
-1.592640067968244, -1.3865958899016946, -1.3682515978418348, 2.3746022596469736
-1.3240318979375967, -1.2439981339662696, -1.3726898989741079, 0.7363107781851083
0.0, 0.0, 0.0, 0.0
0.0, 0.0, 0.0, 0.0
-1.4023923091193506, -1.3597405894108712, -1.7286465821412835, 8.634811725854046
-1.6894493628398206, -1.430715489835063, -1.6324375936125006, 2.687534340375647
-1.6409944231441895, -1.3206712006802892, -1.5913821179072394, 0.8099418560036192
-1.570209605782953, -1.4172010317842634, -1.2481981912223499, 2.57708772364788
-1.494074904962385, -1.692796237217503, -1.549959967853571, 3.773437470594241
-1.316087579069604, -1.3530188358600885, -1.5814244953765768, 2.724349879284903
-1.5411294026783477, -1.3141361794898563, -1.295621809957261, 2.429825568010857
-1.3651057590756228, -1.2371144835666066, -1.417770171966527, 0.7915340865489915
0.0, 0.0, 0.0, 0.0
0.0, 0.0, 0.0, 0.0
-1.4109581689842707, -1.3427179856000995, -1.7795725646587075, 8.69003503421793
-1.632034273868353, -1.4597725341242556, -1.6807041104246152, 2.7427576487395307
-1.6375296983704475, -1.3905114088867665, -1.6878339367210422, 0.8651651643675025
-1.6200868721328334, -1.4487447664283464, -1.4002819004956062, 2.6323110320117635
-1.4734563760960728, -1.6208250091852694, -1.5265383430731538, 3.8286607789581244
-1.3225714397792478, -1.3703471025789118, -1.6081753910330183, 2.7795731876487864
-1.552341531465805, -1.322264881317052, -1.4099963632440973, 2.4850488763747407
-1.3289065154437762, -1.2545391569030113, -1.4375412819464541, 0.8467573949128747
0.0, 0.0, 0.0, 0.0
0.0, 0.0, 0.0, 0.0
-1.4287170689478395, -1.3294247570599655, -1.8241981727886116, 8.745258342581813
-1.662513496129162, -1.4465133892082438, -1.5493456203914808, 2.797980957103414
-1.6407136554708552, -1.3797443540629362, -1.7470217750210968, 0.9203884727313857
-1.6582408495292187, -1.536416956455855, -1.4643957628872064, 2.687534340375647
-1.4893129907694695, -1.6063732028868587, -1.5198496753567592, 3.883884087322008
-1.314790842644733, -1.3740271905651744, -1.6317119817989678, 2.83479649601267
-1.468320174289022, -1.4240286521433638, -1.330208333622109, 2.5402721847386243
-1.3050631609661543, -1.2691056230444298, -1.411121629620373, 0.901980703276758
0.0, 0.0, 0.0, 0.0
0.0, 0.0, 0.0, 0.0
-1.4845037647669304, -1.4505111738258072, -1.8678094562911312, 8.782073881491069
-1.7117339624675783, -1.3973583835687104, -1.5426864835045146, 2.83479649601267
-1.6551379179995778, -1.345549857073695, -1.7640232907706443, 0.9572040116406412
-1.714796492285928, -1.5952284319847767, -1.4123944681743732, 2.724349879284903
-1.4768295104792368, -1.6289611177927765, -1.55730740400662, 3.9206996262312637
-1.2706148799858243, -1.299075899534229, -1.645549562985018, 2.8716120349219256
-1.580121519688815, -1.4569477348069784, -1.3590963333080348, 2.57708772364788
-1.3775149615447662, -1.286360844690527, -1.591157596989894, 0.9387962421860134
0.0, 0.0, 0.0, 0.0
0.0, 0.0, 0.0, 0.0
-1.5537933191598163, -1.3580660001684417, -1.8107083884634545, 8.837297189854953
-1.6608963143751325, -1.3599055989630293, -1.5040152342382034, 2.8900198043765535
-1.617283783090196, -1.3259998541919376, -1.7477961132820734, 1.0124273200045244
-1.7180999689114147, -1.476343422982269, -1.4046648751120987, 2.7795731876487864
-1.4699871827431865, -1.4956052142033156, -1.5901699500191973, 3.9759229345951472
-1.344727540866676, -1.2961061578538762, -1.6353797480041197, 2.926835343285809
-1.5733842810408996, -1.4118428274538704, -1.4540925606105768, 2.6323110320117635
-1.6117384920061641, -1.3387677794681807, -1.5653650570364308, 0.9756117810952689
0.0, 0.0, 0.0, 0.0
0.0, 0.0, 0.0, 0.0
-1.5628887807653296, -1.4271981808941017, -2.0260881759755205, 8.892520498218836
-1.7136570454649256, -1.3379166911810345, -1.5557189131248386, 2.945243112740437
-1.6549068604071908, -1.2450721541015095, -1.7655500230509606, 1.0676506283684073
-1.7800559928321125, -1.4206040634213972, -1.3215244254964582, 2.83479649601267
-1.4397206022345614, -1.4165328138201345, -1.6050361618480657, 4.03114624295903
-1.3547261393928784, -1.3139812720819204, -1.5795734427571673, 2.9820586516496927
-1.5951529185897013, -1.4497242500089735, -1.4614155966777667, 2.687534340375647
-1.668251745020997, -1.3659423349858344, -1.4875059134485749, 0.9940195505498967
0.0, 0.0, 0.0, 0.0
0.0, 0.0, 0.0, 0.0
-1.6723492770156765, -1.3860120744814308, -1.9387009949533023, 8.929336037128092
-1.7652346950261066, -1.3080729821782886, -1.5321823746903023, 2.9820586516496927
-1.6391199603757634, -1.2921299132239217, -1.7005177282126684, 1.1044661672776626
-1.775384307080318, -1.40932863308589, -1.4002624765254912, 2.8716120349219256
-1.4883750447273585, -1.3648711182597695, -1.5899795740735605, 4.03114624295903
-1.3020688676794914, -1.3064497961429347, -1.4739473064339457, 3.0188741905589485
-1.5099132376057884, -1.5155568751568336, -1.3798572571574508, 2.724349879284903
-1.642233699643438, -1.3547074199689446, -1.5849411929779513, 0.9940195505498967
0.0, 0.0, 0.0, 0.0
0.0, 0.0, 0.0, 0.0
-1.6681643059564106, -1.374242190951476, -1.9400280139781523, 8.984559345491975
-1.8441252199958218, -1.3158352445627288, -1.4553860771947777, 3.0372819600135763
-1.6202522604899634, -1.2327383145645237, -1.6650585014495938, 1.1596894756415455
-1.6771948636652525, -1.4926097588260858, -1.4619937686935558, 2.926835343285809
-1.4032425266434052, -1.2771575464080045, -1.629234203403502, 4.067961781868286
-1.3422830654662048, -1.3291176840104824, -1.4556959929301814, 3.074097498922832
-1.4113185866523683, -1.4851863525184394, -1.382804188319424, 2.7795731876487864
-1.6158553923089491, -1.3768074655891576, -1.6381881736419825, 0.9940195505498967
0.0, 0.0, 0.0, 0.0
0.0, 0.0, 0.0, 0.0
-1.7217241057643164, -1.3791859754618547, -1.8702221706763507, 9.039782653855859
-1.8188306388647244, -1.3263030739752442, -1.5106768308951193, 3.09250526837746
-1.5606048607692171, -1.2220317992955751, -1.7618964354335713, 1.2149127840054283
-1.6790658836721053, -1.4956810060492716, -1.419889024122455, 2.9820586516496927
-1.4299699105084613, -1.2392738945684532, -1.760941874139505, 4.12318509023217
-1.3642523458681588, -1.3184718988865833, -1.562537020549213, 3.1293208072867156
-1.49869458593677, -1.528764368492295, -1.4316775866469034, 2.83479649601267
-1.6087662747116618, -1.4167081723636545, -1.6481478055914496, 0.9940195505498967
0.0, 0.0, 0.0, 0.0
0.0, 0.0, 0.0, 0.0
-1.7620843255036809, -1.39852105644448, -1.953724285816257, 9.095005962219743
-1.7887901587201422, -1.2443936624396579, -1.5455243892101587, 3.1477285767413434
-1.6979412789890158, -1.220598218457061, -1.7236879388197293, 1.2701360923693112
-1.652145296667198, -1.447468050770721, -1.4018527500231033, 3.0372819600135763
-1.4865698337437456, -1.2608878182804888, -1.7364258069905611, 4.178408398596053
-1.413254379619965, -1.3176248060087143, -1.5522388130156144, 3.184544115650599
-1.4556019675130862, -1.5552434283272132, -1.3960127350889329, 2.8900198043765535
-1.6125352645207938, -1.4298229828205473, -1.637023938179199, 0.9940195505498967
0.0, 0.0, 0.0, 0.0
0.0, 0.0, 0.0, 0.0
-1.780088811060629, -1.4024580188217495, -1.8165215893827182, 9.131821501128998
-1.6934207463242879, -1.2697143972021745, -1.4852046991265462, 3.184544115650599
-1.6933210330675987, -1.32915854816473, -1.6765450390951393, 1.2885438618239389
-1.6868393609309495, -1.4190953064814746, -1.5058342530854074, 3.074097498922832
-1.435575298495741, -1.3029797677517416, -1.9111564763319677, 4.215223937505309
-1.3723206727573642, -1.3959058238841846, -1.530602314610375, 3.221359654559855
-1.4330318988372865, -1.5181272539419752, -1.4140051629185495, 2.926835343285809
-1.5690889548753073, -1.5073616255430584, -1.6522099221395483, 1.030835089459152
0.0, 0.0, 0.0, 0.0
0.0, 0.0, 0.0, 0.0
-1.704686490716201, -1.4358672915623074, -1.8753864697603622, 9.187044809492882
-1.6749035054245076, -1.2451675121947916, -1.5739158509778466, 3.2397674240144827
-1.6768146947662215, -1.3219250786989662, -1.5691817778395323, 1.3069516312785665
-1.7082756166176405, -1.463425905072706, -1.4792462041054248, 3.1293208072867156
-1.4258435769291105, -1.2636717863944265, -1.8476408384669218, 4.270447245869192
-1.2659206920709207, -1.400984176250506, -1.5014367186933393, 3.2765829629237384
-1.4652463820980002, -1.4980176020212395, -1.4825519563470966, 2.9820586516496927
-1.5777002635679567, -1.5223960027875245, -1.6359040866467083, 1.086058397823035
0.0, 0.0, 0.0, 0.0
0.0, 0.0, 0.0, 0.0
-1.614711687630293, -1.3419327809993957, -1.9880000290570339, 9.242268117856765
-1.6239048322189589, -1.171345743132938, -1.6010127398500582, 3.2949907323783663
-1.6626983110089162, -1.3109034996897817, -1.5848539766354004, 1.3437671701878218
-1.7139498834428888, -1.5475824952337942, -1.3698649438931003, 3.184544115650599
-1.330380419531891, -1.3682392050531507, -1.8504181340051025, 4.325670554233076
-1.266615494437712, -1.3815910074041888, -1.5885176414746465, 3.331806271287622
-1.4492374080637456, -1.497085515715171, -1.5107710844909157, 3.0372819600135763
-1.6367312828713716, -1.5122704484298053, -1.5775763027889937, 1.1412817061869178
0.0, 0.0, 0.0, 0.0
0.0, 0.0, 0.0, 0.0
-1.609504383715857, -1.3518219407356211, -1.9568568999696976, 9.279083656766021
-1.604320525143754, -1.190239128785439, -1.5847353955521646, 3.331806271287622
-1.7027794879813842, -1.3605220203586539, -1.6102188388832597, 1.380582709097077
-1.774578053109084, -1.4075145377072766, -1.4026605928194513, 3.221359654559855
-1.4017102914364679, -1.3999730023733494, -1.837849783522003, 4.362486093142332
-1.3567403705658183, -1.352097815256551, -1.7199071206576408, 3.3686218101968777
-1.5042213792739183, -1.4755256398067254, -1.451076281711625, 3.074097498922832
-1.657721823890914, -1.5483956129785643, -1.6147489172357987, 1.178097245096173
0.0, 0.0, 0.0, 0.0
0.0, 0.0, 0.0, 0.0
